receptor = temp/5tgz.pdbqt
ligand = temp/THCA6.pdbqt

center_x = 37.274970
center_y = 23.699237
center_z = 296.726113

size_x = 59.263000
size_y = 72.109000
size_z = 92.228000

num_modes = 25

exhaustiveness = 15
